25 37.02002
26 35.4976
27 36.0371
28 35.67784
29 35.61215
30 35.85487
31 35.76057
32 35.89299
33 34.07522
34 35.78542
35 35.80185
36 35.75167
37 35.67654
38 35.51414
39 35.64134
40 35.78893
41 40.72495
42 35.60689
43 35.46755
44 36.09248
45 35.65383
46 40.16131
47 35.9422
48 35.62294
49 34.20534
50 36.9803
52 35.84348
53 35.65145
54 35.69467
55 36.33992
56 41.01444
57 35.98375
58 35.54437
59 35.73052
60 35.80696
61 35.59493
62 35.79388
63 35.68526
64 35.78705
65 35.96924
66 35.81371
67 35.59021
68 35.51311
69 35.80141
70 35.9314
71 33.99284
72 34.10188
73 35.88348
74 35.68823
75 36.04151
76 35.61662
77 35.6863
78 35.71955
79 34.13178
80 35.85251
81 35.84428
82 35.83553
83 35.67907
84 35.83228
85 36.08036
86 37.87202
87 35.70564
88 35.70339
89 35.59723
90 35.67289
91 31.7138
92 34.31538
93 35.55703
94 35.64058
95 35.61461
96 35.39772
97 33.54079
98 33.89874
99 35.34123
100 35.23006
101 35.74462
102 38.20021
103 35.29605
104 31.56505
105 35.2137
106 35.37695
107 35.25265
108 35.36093
109 35.69338
110 35.68002
111 35.71913
112 35.58759
114 35.75969
115 35.67408
116 35.62875
117 35.55329
118 34.96288
119 35.71679
120 35.78637
121 35.54024
122 35.4676
123 35.77101
124 35.55322
126 35.51216
127 35.34122
128 35.46116
129 36.23934
130 38.57948
131 35.55399
132 35.33975
133 33.47505
134 34.0134
135 35.33734
136 35.3983
137 35.45972
138 35.63946
139 34.97561
140 35.60305
141 35.44452
142 35.66599
143 35.63459
144 35.62164
145 35.49155
146 35.44281
147 35.07215
148 35.63675
149 35.37106
150 35.36413
151 35.32736
152 35.25536
153 35.25969
154 35.66226
155 35.31105
156 35.54523
157 34.59705
158 35.40101
159 35.36613
160 35.55452
161 35.41634
162 34.86092
163 35.61735
164 35.67466
165 35.43422
166 35.27175
167 33.60028
168 33.75355
169 35.52699
170 35.48477
171 35.61171
172 35.44529
173 35.53159
174 35.35713
175 35.42488
176 35.56754
177 35.44461
178 35.44235
179 35.28323
180 34.5486
181 35.64274
182 35.43953
183 35.20557
184 35.80079
185 33.76178
186 38.1805
187 35.64568
188 35.67245
189 35.44835
190 35.61019
191 35.56453
192 35.31127
193 35.6754
194 33.45536
195 33.75801
196 35.42721
197 35.31824
198 34.9422
199 33.48616
200 35.6185
201 35.21849
202 31.54088
203 35.2443
204 35.1698
205 31.76858
206 33.98575
207 35.24677
208 35.24801
209 35.60487
210 35.55288
211 35.57967
212 35.64008
213 36.68584
214 35.80188
215 35.62742
216 35.38868
217 38.13414
218 35.69028
219 33.89382
220 35.40942
221 35.65679
222 35.72139
223 54.68805
224 48.77474
225 35.4769
226 35.71295
227 29.37046
228 35.44014
229 35.72923
230 35.39122
231 34.93843
232 36.52925
233 35.43537
234 42.07885
235 35.67889
236 35.8282
237 35.71314
238 35.42512
239 33.72967
240 35.5081
241 35.46807
242 35.69268
243 35.11249
244 35.2855
245 35.59836
246 35.57247
247 50.32686
248 39.93642
249 44.7584
251 35.55465
252 35.68255
253 35.83369
254 35.47331
255 35.6541
256 33.76614
257 36.02018
258 35.50528
259 35.64567
260 35.56554
261 35.37222
262 39.40701
263 35.778
264 35.69517
265 35.48757
266 36.01474
267 35.53297
268 35.7387
269 35.37978
270 35.62593
271 35.52649
272 35.73112
273 35.67323
274 35.75907
275 35.96186
276 35.70177
277 35.64476
278 35.83075
279 35.57285
280 35.73435
281 35.73687
282 35.59249
283 35.63648
284 35.61616
285 35.81643
286 35.6528
287 33.54658
288 33.58123
289 35.8884
290 35.91502
291 35.54554
292 35.5759
293 36.07274
294 36.63263
295 35.77937
296 48.86706
297 35.84734
298 35.82931
299 41.49211
300 33.72226
301 35.44982
302 33.59021
303 35.47205
304 35.61316
305 35.92847
306 35.76757
307 34.07079
308 35.54587
309 35.33643
310 36.56838
311 35.61541
312 35.46943
313 34.16904
314 35.2834
315 35.82504
316 33.71889
317 33.7192
318 33.91915
319 35.47657
320 35.401
321 35.89936
322 35.46951
323 36.93075
324 35.52271
325 35.81416
326 35.94185
327 35.2399
328 35.33151
329 35.53476
330 35.36449
331 34.9928
332 33.44654
333 36.78341
334 35.75844
335 35.27737
336 35.17714
337 35.07494
338 35.3823
339 35.34548
340 33.44325
341 35.21949
342 35.56889
343 35.15618
344 33.32982
345 43.74329
346 35.31115
347 33.4012
348 35.42637
349 35.24807
350 35.49018
351 35.7515
352 35.8605
353 36.16869
354 36.52448
355 36.29682
356 36.14781
357 36.34393
358 35.94731
359 36.07391
360 35.75565
361 33.42824
362 35.53939
363 35.42719
364 35.22352
365 35.38821
366 33.26195
367 35.27242
368 35.38313
369 35.79461
370 35.38849
371 35.42635
372 35.57446
373 35.60592
374 35.69019
376 36.14688
377 36.38382
378 36.60103
379 36.93012
380 36.92155
381 36.47545
382 36.9599
383 35.41516
384 35.56597
385 35.78476
386 35.62729
387 33.56236
388 35.77281
389 33.17609
390 35.39838
391 35.31021
392 35.24247
393 35.50806
394 35.45606
395 35.31903
396 33.09287
397 35.34233
398 35.9371
399 36.10671
400 33.945
401 33.51673
402 35.96256
403 35.56568
404 35.6965
405 35.61486
406 35.25192
407 35.87389
408 35.17206
409 33.54807
410 35.16263
411 33.51989
412 35.48172
413 35.80015
414 33.34398
415 35.33163
416 35.44606
417 35.47894
418 35.66811
419 35.1028
420 35.4388
421 64.73804
422 35.014
423 35.68896
424 33.86245
425 36.13123
426 34.66044
428 36.45727
429 37.3252
430 36.91424
431 37.23575
432 36.76293
433 37.44785
434 36.0856
435 35.77924
436 36.063
437 35.58874
438 35.54517
439 37.94315
440 36.18791
441 35.54689
442 35.69101
443 36.46834
444 35.73553
445 35.47053
446 35.64808
447 35.55639
448 35.69374
450 36.24774
451 36.66811
452 37.03962
453 36.98265
454 41.26493
455 36.84469
456 36.68264
457 36.85625
458 36.41282
459 36.31209
460 43.29127
461 36.48079
462 36.92975
463 40.23053
464 36.24364
465 36.55316
466 35.94396
467 36.46145
468 36.20972
469 38.90706
470 34.28876
471 36.174
472 36.25327
473 34.06821
474 34.09617
475 35.57807
476 33.7231
477 35.4073
478 35.68289
479 35.43843
480 35.56009
481 33.82985
482 37.93968
483 35.79072
484 35.84304
485 35.48968
486 35.90888
