   42 34.25639
   43 34.41765
   44 33.41939
   45 34.17032
   46 35.03452
   47 34.46887
   48 34.09738
   49 34.48409
   50 31.85403
   51 32.43397
   52 32.69527
   53 128.7101
   54 31.18562
   65 20.96177
   66 21.38872
   67 21.64625
   68 20.20336
   69 21.32984
   70 20.87609
   71 21.2099
   72 21.72988
   73 21.23188
   74 112.2629
   75 21.38588
   76 21.54915
   77 21.08212
   78 21.6162
   79 21.73007
   80 112.1454
   110 32.13504
   111 37.6859
   112 37.8444
   113 37.88671
   114 36.96815
   115 37.63592
   116 37.95769
   117 37.43499
   118 40.11517
   119 35.92385
   120 35.76839
   121 37.40671
   122 468.0927
   123 37.90159
   124 38.27431
   126 36.8274
   127 38.09772
   128 40.56459
   129 38.05894
   130 128.9718
   131 37.96141
   132 38.08714
   133 36.45056
   134 37.82136
   135 38.7026
   136 36.82507
   137 38.65251
   138 37.58461
   139 37.8108
   140 38.1776
   141 37.78735
   142 36.93264
   143 37.84511
   144 37.85342
   145 37.50839
   146 37.22269
   147 37.59577
   148 37.78532
   149 37.25002
   150 36.97627
   151 37.19857
   152 37.1772
   153 37.16247
   154 38.87717
   155 37.8035
   156 37.68864
   157 35.21934
   158 128.4655
   159 37.91719
   160 38.00645
   161 489.1329
   162 34.92822
   163 37.8143
   164 37.70026
   165 36.66491
   166 37.23133
   167 37.74493
   168 37.77214
   169 125.5005
   170 0.0005580626
   171 37.48801
   182 36.84281
   183 37.44024
   184 37.8087
   185 36.44823
   186 35.34153
   187 38.07357
   188 38.07259
   189 35.35579
   190 35.63108
   191 37.77329
   192 37.77691
   193 124.1514
   194 37.00661
   195 36.49871
   196 36.77585
   197 36.62631
   198 33.62445
   199 37.54755
   200 37.24641
   201 36.60532
   202 37.33786
   203 32.43796
   204 37.20371
   205 36.47371
   206 37.06189
   207 33.07021
   208 37.81751
   209 36.93008
   210 37.84153
   211 37.95982
   212 38.04728
   213 34.39571
   214 37.35211
   215 35.24768
   216 37.93094
   217 36.08479
   218 37.38466
   219 37.39402
   220 37.18279
   221 35.60175
   222 36.62284
   223 37.06717
   224 37.26722
   225 37.05064
   226 36.69271
   227 37.10505
   228 37.19122
   229 37.01277
   230 36.96817
   231 37.23234
   232 39.69168
   233 37.33237
   234 34.525
   235 37.56965
   236 37.78529
   237 35.10775
   238 33.89199
   239 37.54019
   240 37.48565
   241 37.60083
   242 115.9255
   243 36.83629
   244 37.08759
   245 37.33238
   246 125.2512
   247 36.86555
   248 37.47727
   249 37.52674
   251 36.79202
   252 33.75434
   253 37.24751
   254 37.43671
   255 36.88456
   256 36.64751
   257 37.70141
   258 37.57573
   259 37.39349
   260 37.29325
   261 38.16166
   262 38.25196
   263 38.55338
   264 35.41486
   265 38.42702
   266 38.41529
   267 38.74473
   268 37.21455
   269 38.28859
   270 38.65857
   271 38.244
   272 126.9097
   273 37.80367
   274 38.37738
   275 38.74736
   276 126.1881
   277 126.6838
   278 39.0635
   279 39.46242
   280 39.08847
   283 39.34941
   284 39.4545
   285 39.42342
   286 40.62555
   287 40.57257
   288 39.88054
   289 37.15937
   290 37.65822
   291 40.17425
   292 40.3028
   293 39.44086
   294 40.46169
   295 40.60796
   296 40.60502
   297 39.78648
   298 37.65225
   299 40.70725
   300 40.68647
   301 40.37575
   302 40.33361
   303 40.56172
   304 37.64471
   305 38.87807
   306 39.64275
   307 39.54626
   308 39.52424
   309 38.47129
   310 38.89534
   311 38.73261
   312 38.87473
   313 37.80536
   314 38.24677
   315 38.43004
   316 38.45002
   317 37.08213
   318 37.77025
   319 35.41072
   320 41.40858
   321 36.60255
   322 35.411
   323 38.99151
   324 37.77029
   325 36.58904
   326 38.08677
   327 38.02147
   328 38.24229
   329 36.65351
   330 37.93243
   331 37.75303
   332 37.98678
   333 123.9888
   334 37.57588
   335 36.78059
   336 37.71339
   337 36.36567
   338 37.45411
   339 37.54063
   340 37.7109
   341 36.65487
   342 37.38632
   343 37.55728
   344 37.5064
   345 36.47073
   346 36.72195
   347 9.407491
   348 37.57888
   349 34.91069
   350 36.86678
   351 35.28162
   352 37.53609
   353 37.29638
   354 36.98058
   355 37.7086
   356 37.54019
   357 37.23512
   358 124.3052
   359 36.50713
   360 37.485
   361 37.4307
   362 36.85931
   363 37.51266
   364 37.16286
   365 37.21764
   366 34.5322
   367 37.32463
   368 37.46738
   369 37.56296
   370 36.77526
   371 37.43438
   372 37.13654
   373 37.03954
   374 36.00396
   376 37.39498
   377 35.20586
   378 37.95797
   379 36.66161
   380 37.83655
   381 38.26141
   382 35.56698
   383 37.0245
   384 38.96476
   385 36.14386
   386 38.5623
   387 125.7423
   388 35.81765
   389 37.63503
   390 37.522
   391 36.39967
   392 36.69185
   393 37.14648
   394 37.03568
   395 36.89994
   396 36.3982
   397 34.89137
   398 37.04975
   399 37.22702
   400 36.51582
   401 33.77191
   402 38.22973
   403 37.75837
   404 39.68349
   405 38.45142
   406 38.82843
   407 38.86568
   408 37.72875
   409 40.15934
   410 38.96393
   411 38.68312
   412 38.25291
   413 38.2091
   414 38.91354
   415 36.98187
   416 36.81307
   417 38.28504
   418 41.25609
   419 38.96394
   420 39.03652
   421 35.94942
   422 42.8858
   423 482.7594
   424 15.86336
   425 38.00114
   426 38.94988
   427 39.16869
   428 39.07345
   429 38.23458
   430 36.29284
   431 38.50259
   432 42.22385
   433 37.14653
   434 37.90108
   435 37.91368
   436 37.67449
   437 36.00706
   438 36.60802
   439 37.41529
   440 37.88786
   441 37.24171
   442 36.6857
   443 37.88622
   444 37.22251
   445 37.05169
   446 37.13056
   447 37.03672
   448 37.30035
   449 37.13974
   450 37.40675
   451 36.43869
   452 37.83403
   453 37.64103
   454 37.83181
   455 123.1304
   456 462.1335
   457 37.40651
   458 37.50352
   459 37.15673
   460 37.79287
   461 36.46606
   462 38.92062
   463 37.09558
   464 37.34969
   465 38.58092
   466 36.26931
   467 34.58031
   468 37.12916
   469 37.00496
   470 34.48609
   471 35.72729
   472 34.33867
   473 37.20275
   474 37.35363
   475 35.95908
   476 454.5845
   477 37.53344
   478 37.58403
   479 37.60134
   480 36.80838
   481 36.84616
   482 37.0455
   483 37.1781
   484 36.85928
   485 36.24665
   486 36.85794
   487 37.01889
   488 37.06443
   489 37.42008
   490 35.81887
   491 36.87634
   492 37.25247
   493 37.302
   494 118.1607
   495 36.01496
   496 34.5352
   497 36.73312
   498 36.44138
   499 33.1912
   501 36.34536
   502 35.03179
   503 36.57067
   504 36.61163
   505 33.9966
   506 119.2361
   507 36.96773
   508 36.55716
   509 37.11452
   510 36.21423
   511 37.03793
   512 37.27862
   513 37.38274
   514 36.32296
   515 39.31085
   516 37.43856
   517 37.46206
   518 121.9923
   519 37.3796
   520 41.20571
   521 37.4925
   522 119.9306
   523 37.62683
   524 38.27567
   525 38.8129
   526 39.04012
   527 37.9086
   528 39.49539
   529 39.30168
   530 39.74411
   531 40.33032
   532 37.50871
   533 37.21257
   534 38.94434
   535 39.16391
   536 39.16104
   537 120.6547
   538 38.87801
   539 39.15644
   540 36.91995
   541 38.39897
   542 37.66819
   543 38.71114
   544 39.33957
   545 38.67049
   546 37.20096
   547 38.16805
   548 38.71215
   549 36.43121
   550 35.57798
   551 35.57635
   552 35.48273
   553 35.38521
   554 34.25251
   555 33.68701
   556 104.5844
   557 34.4157
   558 33.43518
   559 33.32162
   560 30.38472
   561 30.94715
   562 32.81065
   563 34.37949
   564 34.53435
   565 38.88622
   566 40.09036
   567 31.93146
   568 31.98998
   569 31.41547
   570 28.08428
   571 30.39248
   572 30.74428
   573 28.4194
   574 28.67803
   575 26.96949
   576 28.83234
   577 27.41903
   578 30.18543
   579 27.59577
   580 29.21274
   581 30.16644
   582 30.37808
   583 25.6095
   584 28.88199
   585 28.92969
   586 31.34903
   587 29.09423
   588 29.86518
   589 29.76954
   590 30.68634
