185 67.36577
186 33.56464
187 33.64187
188 32.94965
189 33.57375
190 33.52674
191 33.70424
192 33.36674
193 33.5987
194 81.67274
195 32.88131
196 33.53701
197 34.37598
198 33.49202
199 33.60551
200 33.32851
201 82.84163
202 30.94522
203 33.17662
204 33.57126
205 33.61146
206 33.13263
207 32.85821
208 34.10165
209 33.80372
210 81.71484
211 82.25385
212 34.55898
213 33.58831
214 32.94024
215 33.65924
216 33.4497
217 33.71329
218 33.32503
219 33.41654
220 33.4343
221 33.35338
222 33.73596
223 33.69484
224 82.44155
225 33.96455
226 33.33683
227 32.94046
228 33.38626
284 31.62587
285 33.88795
286 31.51526
287 34.0326
288 34.32759
289 34.31048
290 32.75555
329 513.4183
330 37.404
331 38.67737
332 38.77926
333 36.59094
334 38.80512
335 38.49133
336 38.78422
337 38.83017
338 113.6784
339 38.37327
340 43.45564
341 38.50632
342 37.03192
343 39.10951
344 38.72207
345 38.31733
346 37.15565
347 38.97272
348 39.20255
349 37.20025
350 38.88501
351 38.59547
352 38.8656
353 38.17378
354 38.62847
355 36.73824
356 38.78424
357 39.06685
358 35.55078
359 115.7667
360 39.03876
361 41.22082
362 100.9107
363 38.46303
364 38.97314
365 39.33722
366 37.34603
367 38.66495
368 38.88675
369 38.98533
370 37.86182
371 38.85593
372 37.01832
373 38.81355
374 38.69335
376 38.24216
377 41.13427
378 38.47208
379 38.8978
380 120.099
381 115.6268
382 38.99694
383 39.65251
384 39.4613
385 36.64685
386 38.966
387 38.87159
388 36.31795
389 35.91081
390 39.15825
391 39.19139
392 114.8488
393 31.29738
394 38.82462
395 39.08344
396 38.21949
397 36.458
398 38.30264
399 38.8017
400 37.11837
401 38.5092
402 36.02823
403 39.70869
404 36.34621
405 38.2337
406 36.68414
407 36.54058
408 38.61148
409 36.68655
410 37.56033
411 37.94426
412 39.03698
413 36.66312
414 40.00443
415 34.00322
416 39.14994
417 37.20401
418 38.37073
419 36.07195
420 37.23786
421 35.41633
422 38.52887
423 115.829
424 38.84551
425 39.15318
426 35.8457
427 467.6208
428 36.02961
429 36.63412
430 37.10158
431 36.91005
432 38.8484
433 38.68055
434 34.83239
435 38.45349
436 38.63185
437 38.76458
438 38.10195
439 38.47458
440 38.24229
441 39.20332
442 38.79325
443 38.2116
444 36.84618
445 38.81867
446 38.58317
447 37.39491
448 108.7116
449 39.05413
450 38.85917
451 36.74691
452 36.03439
453 38.78364
454 39.11491
455 37.6485
456 76.27516
457 38.38012
458 38.68497
459 38.25525
460 37.34146
461 39.05705
462 38.77414
463 37.23351
464 38.45338
465 37.97454
466 38.72731
467 39.25142
468 35.93996
469 37.6943
470 38.19708
471 38.8344
472 36.90007
473 38.36004
474 36.30946
475 39.65704
476 115.0099
477 38.37554
478 37.05523
479 39.66618
480 38.47827
481 37.37363
482 33.57306
483 38.75145
484 38.32161
485 34.93217
486 35.32413
487 38.64926
488 39.07668
489 101.1479
490 38.58612
491 36.12967
492 39.37051
493 37.42125
494 38.34878
495 37.75797
496 38.64363
497 38.52359
498 35.48849
499 36.57903
501 38.64858
502 38.62329
503 37.13723
504 37.26846
505 38.86658
506 38.78325
507 32.14558
508 38.22641
509 38.47512
510 38.2941
511 38.10814
512 38.52959
513 38.88644
514 38.70779
515 41.46855
516 38.245
517 37.75252
518 38.63192
519 38.53121
520 38.16331
521 34.71988
522 38.49095
523 38.99894
524 36.92208
525 37.15993
526 38.82106
527 36.51667
528 36.84017
529 37.72598
530 38.7756
531 40.37512
532 115.2667
533 38.50154
534 38.68242
535 36.48714
536 38.91389
537 37.83479
538 115.3653
539 36.58975
540 38.92856
541 36.87837
542 37.51115
543 38.85149
544 39.24738
545 35.6736
546 38.61794
547 38.48995
548 45.44247
549 39.14224
550 38.06068
551 116.8483
