35 33.38925
39 23.92632
40 27.0696
41 28.63488
42 27.19861
43 26.51841
44 74.7263
45 27.05641
46 27.2962
47 26.77031
48 79.05524
49 27.54881
50 27.53957
51 27.38471
52 74.58212
53 26.5215
54 27.35356
55 27.50903
56 26.92628
57 26.2593
58 27.55148
59 27.37877
60 27.37016
61 26.95177
62 27.22047
63 27.21847
64 27.59787
65 367.1965
66 27.23052
67 31.25924
68 27.54547
69 74.17117
70 73.82592
71 27.43015
72 27.55935
73 25.83502
74 53.70195
75 27.25845
76 26.63405
77 26.30874
78 29.35829
79 27.10562
80 26.16199
81 26.1406
82 27.07582
83 27.2737
84 26.45864
85 26.50846
86 24.93284
87 27.22027
88 27.19211
89 76.80426
90 27.14535
91 27.29513
92 27.04849
93 26.11112
94 26.13973
95 26.88889
96 27.04098
97 73.5325
98 73.00726
99 27.20879
100 27.04158
101 24.72345
102 76.63937
103 27.09151
104 26.60868
105 26.83331
106 72.49414
107 26.00971
108 27.07512
109 26.91167
110 75.41656
111 75.81505
112 26.70841
113 30.35445
