25 44.13188
26 40.2988
27 61.38351
28 40.2925
29 40.54841
30 42.78077
31 40.43686
32 40.32498
33 40.45561
34 41.24215
35 40.467
36 40.5694
37 40.33073
38 43.16385
39 40.40897
40 40.35982
41 40.12912
42 38.45488
43 40.21626
44 38.60897
45 39.99843
46 40.08775
47 46.0775
48 40.09668
49 40.20429
50 40.19188
51 40.30708
52 40.26974
53 40.38551
54 57.01564
55 40.42772
56 46.92416
57 40.44575
58 38.73763
59 40.40466
60 51.15251
61 40.27399
62 55.86763
64 40.33409
65 40.10084
66 45.587
67 40.37008
68 40.03862
69 55.68619
70 40.19233
71 40.3042
72 40.39463
73 40.49139
74 40.34993
75 40.13474
76 40.18319
77 40.18253
78 40.0669
79 41.81386
80 40.20402
81 41.96818
82 40.13856
83 40.28182
84 40.28318
85 40.36155
86 43.92048
87 40.24831
88 40.22789
89 40.20125
90 38.44324
91 40.39389
92 40.09755
93 39.98834
94 40.25698
95 40.17942
96 65.42639
97 40.34008
98 40.27747
99 40.48269
100 42.19144
101 40.46092
102 39.02291
103 40.2486
104 39.63023
105 38.42142
106 40.20337
107 40.32758
108 40.18916
109 40.4052
110 40.35397
111 40.16429
112 40.46247
113 40.08891
114 40.38842
115 40.14523
116 40.14001
117 40.34742
118 40.20727
119 60.05197
120 40.28308
121 40.17776
122 39.82898
123 40.01534
124 39.89707
126 40.11065
127 41.23549
128 41.32204
129 39.97547
130 39.82458
131 39.78082
132 39.94548
133 40.2361
134 40.06776
135 38.84798
136 40.15883
137 42.48585
138 39.92375
139 40.15186
140 43.83718
141 40.13207
142 38.52986
143 39.98132
144 40.16401
145 40.11528
146 62.64499
147 40.31282
148 40.30959
149 40.18463
150 40.22673
151 55.29587
152 40.29239
153 40.0409
154 40.01702
155 40.05922
156 67.35341
157 40.22956
158 68.171
159 39.89311
160 40.29318
161 40.06917
162 39.94402
163 39.92474
164 39.88688
165 43.12371
166 40.01814
167 40.15127
168 39.964
169 40.03425
170 39.87487
171 40.04063
172 40.17897
173 40.15748
174 39.94835
175 52.33672
176 40.10132
177 39.74783
178 39.97869
179 40.0239
180 40.08584
181 43.92474
182 39.66203
183 39.85274
184 40.19715
185 39.45874
186 39.50754
187 39.58754
188 70.94527
189 39.80765
190 39.54304
191 39.84539
192 39.96983
193 46.59116
194 40.02878
195 39.78309
196 48.66428
197 39.84885
198 39.61042
199 40.08603
200 39.842
201 39.84252
203 39.3695
256 40.74768
281 46.9365
306 39.25682
331 39.48725
356 38.93417
382 39.58918
477 38.34658
502 38.83881
503 38.76019
504 38.90961
505 38.77544
506 38.94516
507 38.76883
508 47.81352
509 40.82712
510 38.98555
511 46.18836
512 39.01529
513 39.15781
514 56.33469
515 39.03375
516 60.29602
517 44.67284
518 38.86551
519 39.00695
520 38.82832
521 38.41206
522 38.63314
523 39.13766
524 43.86745
525 38.64269
526 38.86013
527 38.94132
528 38.99777
529 39.45701
530 39.02116
531 38.84024
532 38.87931
533 38.88627
534 38.54617
535 38.80273
536 38.85472
537 38.69374
538 40.64609
539 38.70243
540 38.79297
541 39.09545
542 38.9874
543 38.87398
544 38.93329
545 43.44435
546 38.73946
547 39.10031
548 38.87799
549 53.86947
550 38.74917
551 38.57082
553 38.77075
554 38.72985
555 38.78845
556 38.49
557 38.49581
558 38.52488
559 39.0787
560 38.66464
561 39.01737
562 39.0049
563 57.95507
564 39.11907
565 38.89474
566 39.07021
567 38.69366
569 37.2247
570 38.88648
571 38.7387
572 38.66476
573 51.21302
574 51.15653
621 38.94205
622 38.47894
623 38.50479
624 38.23706
626 38.63613
627 36.41275
628 38.40844
629 38.25951
630 38.2268
631 38.24492
632 38.24294
633 38.47981
634 38.42342
635 47.49187
636 38.53897
637 38.46662
638 36.33197
639 38.08485
644 24.90049
645 23.96806
646 23.66617
647 23.85181
648 22.86282
649 23.83557
650 23.82759
651 23.73366
652 22.08657
653 24.01878
654 23.87103
655 24.09083
656 23.69728
657 23.98329
658 24.01426
659 22.35963
660 23.82087
661 23.85369
662 23.79996
663 23.98069
664 23.80779
665 23.68983
666 24.05194
667 23.88025
668 23.61556
669 21.86227
670 23.87529
671 23.77766
672 23.62032
673 21.95732
674 22.19728
675 23.80355
676 24.0396
677 23.77492
678 23.80359
679 21.80768
680 23.61617
681 23.8616
682 22.87916
683 27.66078
684 22.25316
685 23.41133
686 23.66976
687 23.92697
688 23.84609
689 23.8312
690 23.93198
691 23.97648
692 23.82795
693 23.97496
694 23.92579
695 23.79922
696 23.70171
697 23.7536
698 24.02611
699 23.90798
700 23.85881
701 23.82845
702 23.99284
703 23.4182
704 23.94317
705 23.00608
706 24.0805
707 22.39145
708 23.90382
709 24.02205
710 23.80434
711 23.70611
712 23.86681
713 22.9937
714 23.9001
715 23.81494
717 24.03172
718 23.7777
719 23.67644
720 23.73997
721 23.57541
722 23.88409
723 23.9847
724 23.97878
725 23.79778
726 23.82999
727 23.90449
728 24.03419
729 23.91653
730 23.8362
731 24.03123
732 23.9548
733 23.58265
734 23.48539
735 21.95617
736 23.99851
737 23.89821
738 23.90071
739 23.63492
740 23.82022
741 24.09118
742 22.10465
743 23.80533
744 23.6014
746 140.0539
747 35.71457
748 35.49065
749 38.61742
751 856.2645
