   473 66.42639 
   522 62.99654 
   523 42.46262 
   525 53.84038 
   529 50.40746 
   531 41.34367 
   534 42.39623 
   543 42.45686 
   544 42.1578 
   545 40.83057 
   546 49.11037 
   547 42.3358 
   548 50.84967 
   549 42.80473 
   550 42.20417 
   551 42.31354 
   567 42.71009 
   568 41.85654 
   569 41.02328 
   570 45.36493 
   571 40.76571 
   572 42.00666 
   573 42.16642 
   574 41.77428 
   575 41.78049 
   591 41.6298 
   592 41.87372 
   593 55.31136 
   594 41.97106 
   595 41.77338 
   596 51.53125 
   597 41.54672 
   598 41.88721 
   599 41.42992 
   615 41.49936 
   616 41.29002 
   617 41.53617 
   618 41.74997 
   619 41.37109 
   620 49.60641 
   621 41.37468 
   622 41.19736 
   640 41.06177 
   641 41.19053 
   642 41.24868 
   643 41.06741 
   644 39.4892 
   645 41.42253 
   646 41.35462 
   647 40.84935 
   697 40.79654 
   698 43.50183 
   699 40.65736 
   700 40.78538 
   701 40.77231 
   702 43.06253 
   703 44.57703 
   704 40.12584 
   705 40.84492 
   706 40.55095 
   707 45.42404 
   708 38.89011 
   715 40.78119 
   716 40.69739 
   722 40.26394 
   723 40.74384 
   724 40.37089 
   725 40.40931 
   726 39.94921 
   727 40.27792 
   728 39.96484 
   729 40.33654 
   730 40.53962 
   731 53.15923 
   732 40.57966 
   733 39.9684 
   734 39.99739 
   735 38.76643 
   736 40.12672 
   737 40.23032 
   738 40.74938 
   739 40.50863 
   740 39.9956 
   741 40.49834 
   742 41.68451 
   743 40.52096 
   744 40.44334 
   745 38.91911 
   746 40.27919 
   747 40.26767 
   748 40.43006 
   749 40.35449 
   751 1014.056 
