25 37.91701
26 34.79085
27 37.40447
28 0.4236338
29 37.81751
30 40.25117
31 37.94492
32 114.8661
33 38.03889
34 38.91183
35 37.96154
36 38.04724
37 116.8709
38 35.57269
39 38.3616
40 37.35214
41 37.89793
42 38.29745
43 35.95576
44 35.2946
45 38.05232
46 35.30568
47 37.88964
48 38.48577
49 37.2349
50 39.76809
51 37.75673
52 38.28773
53 38.05298
72 38.39878
73 36.0629
74 38.25135
75 38.30892
76 38.26975
77 38.44113
78 38.50301
79 38.21362
80 38.51486
81 37.70759
82 38.34068
83 38.2285
84 35.33297
85 38.74008
86 38.32369
87 39.13634
88 38.23537
89 39.46916
90 38.224
91 38.46048
92 38.3477
93 37.69228
94 38.38918
95 33.50364
96 37.04648
97 38.26971
98 37.92135
99 37.84781
100 37.82886
101 38.2761
102 38.31267
103 38.10251
104 38.34804
105 41.25954
106 37.78793
107 37.16522
108 38.2169
109 38.11986
110 37.18269
111 38.0346
112 37.51875
113 38.04209
114 38.07367
115 38.07937
116 39.08894
117 38.06398
118 38.93017
119 38.02787
120 37.31917
121 32.74256
122 37.75494
123 37.93548
124 37.00615
126 38.25832
127 37.83746
128 35.85918
129 35.31625
130 34.38235
131 37.63247
132 38.20719
133 38.26749
134 37.64345
135 37.24189
136 35.17192
137 37.71366
138 38.48867
139 116.1232
140 37.95809
141 38.06334
142 38.02473
143 37.99249
144 38.07475
145 38.33021
146 35.10681
147 38.05717
148 38.623
149 37.47624
150 37.41318
151 37.01988
152 38.11823
153 38.16266
154 37.23388
155 39.29913
156 37.69092
157 37.85431
158 38.84138
159 37.49984
160 38.95899
161 37.92079
162 38.25609
163 37.20461
164 35.87737
165 37.95725
166 38.26734
167 38.3003
168 36.75895
169 37.35332
170 36.89009
171 38.33614
172 9.650352
173 37.41358
174 37.34639
175 37.55252
176 37.49761
177 37.53875
178 38.23583
179 37.78946
180 38.27348
181 37.61243
182 37.33701
183 37.56176
184 115.7568
185 38.14629
186 37.98175
187 37.70676
188 35.07949
189 37.18695
190 35.52182
191 38.48793
192 37.72751
193 38.06561
194 38.08556
195 37.96037
196 37.19728
197 37.53057
198 115.012
199 37.77969
200 37.64088
201 37.49007
202 309.3361
203 37.79259
204 38.12806
205 114.0663
218 35.46521
219 38.04942
220 37.20039
221 37.63057
222 37.47815
223 38.60376
224 38.82714
225 38.0944
226 37.99684
227 38.15826
228 38.52227
229 37.32378
230 39.13721
231 37.74328
232 38.562
233 38.70067
234 37.24419
235 39.50764
236 37.71652
237 38.21708
238 38.28779
239 37.8959
240 39.43719
241 38.11055
242 38.61861
243 38.16924
244 37.9631
245 38.6476
246 38.51659
247 38.1521
248 113.1449
249 37.60237
251 35.95888
252 38.04743
253 37.78418
254 37.48765
255 38.04535
256 37.9419
257 38.33955
260 9.870466
261 37.65508
263 37.3821
264 37.69579
265 37.2356
266 37.48964
267 37.93755
268 37.00687
269 38.86246
270 36.74179
271 37.65393
272 37.83509
273 37.15243
274 37.84096
275 37.80895
276 37.84803
277 36.88676
278 37.75625
279 37.61333
280 37.98952
281 39.0295
282 38.10685
283 34.92318
284 37.48056
285 37.69056
286 37.40092
287 37.48741
288 39.04155
289 37.33628
290 37.39977
291 36.87897
292 37.75966
293 37.34929
294 37.75957
295 37.68744
296 37.63455
297 37.93829
298 37.46633
300 36.74176
301 34.90041
302 37.74742
303 37.44625
304 37.54493
305 111.7779
306 37.66974
307 112.5057
308 38.20644
309 41.19402
310 37.08168
311 37.43127
312 34.98473
313 37.55822
314 37.01326
315 38.23177
316 37.30426
317 37.60564
318 40.97489
319 37.20474
320 35.44148
321 37.42815
322 37.63596
323 37.48943
324 38.14759
325 112.5417
326 36.75976
327 35.96369
328 38.27756
329 37.31028
330 37.67825
331 37.92868
332 37.64879
333 40.3336
334 38.00267
335 39.86901
336 38.17276
337 37.29396
338 37.71362
339 114.2478
340 40.66106
341 37.71413
342 37.9467
343 37.49235
344 40.97117
345 37.97648
346 37.70705
347 37.75508
348 37.91224
349 37.74779
350 37.71815
351 37.40683
352 37.91333
353 37.72219
354 37.5335
355 38.00452
356 37.93295
357 37.65244
358 37.86882
359 38.0162
360 37.60481
361 37.7928
362 38.01081
363 37.98331
364 37.21189
365 35.3699
366 37.47693
367 37.95965
368 37.49942
369 37.66898
370 37.38875
371 36.92165
372 39.30973
373 38.18103
374 37.6963
376 37.48298
377 37.15967
378 37.46765
379 36.15229
380 37.80939
381 37.18647
382 37.34885
383 37.70924
384 37.92101
385 37.6424
386 37.49828
387 38.13884
388 104.5581
389 37.6494
390 38.15073
391 37.64978
392 37.76301
393 37.51981
394 37.97462
395 37.97112
396 37.4519
397 37.55841
398 37.96817
399 37.90685
401 37.77749
402 37.67446
403 38.07782
404 37.22326
405 38.06274
406 37.28079
407 37.74126
408 37.98791
409 37.11894
410 38.03983
411 37.53962
412 37.98375
413 37.3391
414 37.57357
415 37.93362
416 37.68373
417 35.63001
418 114.4878
419 36.73732
420 110.8406
421 39.0931
422 37.79951
423 37.60774
424 41.32486
427 37.57058
428 37.45888
429 35.00995
430 37.63599
431 37.96782
432 37.60118
433 37.85378
434 37.99308
435 37.86453
436 37.5457
437 37.45615
438 36.61317
439 36.51786
440 37.32381
441 37.61374
442 36.84592
443 37.99947
444 38.2339
445 35.25172
446 37.74818
447 37.31834
448 37.90299
449 37.54076
450 37.83254
451 37.60448
452 37.3657
453 34.7749
454 37.66502
455 38.46046
456 37.50628
457 37.25719
458 37.66806
459 37.73288
460 37.05791
461 0.05312172
462 34.85051
463 34.69417
464 37.67755
465 37.82771
466 37.81456
467 37.44478
468 37.47106
469 37.10984
470 35.26341
471 37.63245
472 36.52102
473 37.59072
474 37.35766
475 37.70509
476 37.85483
477 116.8154
478 38.07772
479 37.8247
480 37.74445
481 38.02408
482 37.57743
483 38.7315
484 37.52488
485 37.65668
486 37.38511
487 36.74788
488 37.27686
489 110.8517
490 37.44761
491 38.0376
492 37.34381
493 37.97205
496 36.44381
498 37.71237
499 36.28567
501 37.48188
502 37.10014
503 37.48055
504 37.82647
505 38.69093
506 37.85368
507 37.47121
508 40.3922
509 37.5317
510 37.36512
511 109.5803
512 37.41371
513 35.72149
514 36.93743
515 34.88943
516 39.65155
517 38.02218
518 37.94749
519 37.39164
520 38.3382
521 37.80873
522 38.0812
523 38.08994
524 40.24141
525 113.6951
526 37.88724
527 38.92897
528 113.1506
529 37.80515
530 36.51719
531 35.22153
532 37.45442
533 36.75058
534 35.10602
535 37.49358
536 37.6327
537 35.60909
538 37.48298
539 38.4017
540 35.2192
541 38.05569
542 37.83825
543 37.2655
544 37.71685
545 37.75356
546 38.81926
547 37.39381
548 37.56044
549 38.72269
550 35.39715
551 38.8394
552 37.89155
553 37.41034
554 37.42768
555 35.64746
556 34.99622
557 38.28122
558 37.94099
559 37.55166
560 37.81894
561 37.97535
562 38.06592
563 38.03885
564 37.45345
565 35.68575
566 34.88625
567 37.54432
568 37.03482
569 36.64305
570 37.94532
571 37.53515
572 38.08015
573 38.34962
574 112.289
575 37.83372
576 37.83363
577 39.22365
578 38.20188
579 37.19964
580 38.1167
581 36.74481
582 37.77078
583 38.10048
584 34.61253
585 37.80798
586 37.3517
587 38.36175
588 37.83787
589 115.4766
590 34.52624
592 37.32941
593 35.5673
594 37.62661
595 37.12199
596 39.12005
597 33.18992
598 37.9584
599 38.04354
600 37.72141
601 37.34517
602 37.94434
603 37.66041
604 37.8227
605 37.9833
606 34.53862
607 37.39149
608 35.10467
609 40.7669
610 37.31699
611 37.52814
612 37.6213
613 37.71337
614 39.50748
615 36.75715
616 38.99022
617 36.73058
618 35.57486
619 37.64437
620 37.4744
621 37.90884
622 36.41238
623 37.84991
624 37.45544
626 39.82127
627 37.81042
628 38.2015
629 37.56615
630 36.56484
631 36.82216
632 36.72306
633 35.05456
634 37.62033
635 37.21669
636 35.06105
637 37.73034
638 37.80983
639 37.51841
640 37.69419
641 36.81749
642 37.65311
643 38.03257
644 112.5109
645 38.61506
646 38.43147
647 37.17685
648 37.72123
649 37.51009
650 35.26688
651 36.3646
652 37.53701
653 37.56623
654 37.00402
655 41.46889
656 37.59522
657 38.83159
658 36.85283
659 37.4099
660 36.42295
661 37.59221
662 37.48746
663 36.93229
664 37.79184
665 36.89396
666 37.54168
667 37.03096
668 38.0302
669 37.4112
670 37.41742
671 37.90733
672 107.5812
673 37.53301
674 37.73865
675 36.81434
676 38.04359
677 37.79009
678 37.73435
679 37.45618
680 37.42345
681 38.72496
682 33.92699
683 37.6181
684 36.86462
685 37.64694
686 37.16253
687 37.29059
688 38.44106
689 36.69294
690 36.68461
691 37.28214
692 37.10474
693 39.01342
694 37.77804
695 37.70549
696 36.36634
697 37.40635
698 35.12406
699 37.84568
700 37.48256
701 36.81624
