25 37.93186
26 39.77377
27 42.4309
28 38.14648
29 38.4173
30 37.92069
31 38.95385
32 38.40545
33 39.18091
34 38.4813
35 35.81539
36 36.02102
37 38.55912
38 37.98972
39 37.90076
40 38.39123
41 42.56504
42 38.19645
43 38.66108
44 88.1576
45 39.02441
46 36.33782
47 40.44672
48 38.55065
49 38.58417
50 36.2961
51 39.04048
52 38.18172
53 36.35464
54 36.6026
55 38.3277
59 661.1553
60 38.25628
61 38.72591
62 38.72361
63 38.943
64 38.88738
65 39.1607
66 39.18239
67 39.27605
68 39.34917
88 38.87284
89 38.42296
90 38.98035
91 38.4375
92 38.93073
93 39.24149
94 38.4068
95 38.45507
109 37.31283
110 35.83414
111 39.10709
112 38.95454
113 39.12965
114 39.54735
115 38.21679
116 39.2533
117 39.03844
118 39.39694
119 38.83277
120 40.12782
121 37.59583
122 38.51231
123 38.31166
124 39.16883
126 38.11999
127 39.27702
128 40.78594
129 39.36383
130 39.22419
131 36.93626
132 39.21396
133 39.27663
134 39.26702
135 39.83163
136 38.56905
147 36.01013
148 35.67331
149 35.26181
150 36.06576
151 35.97658
152 36.06225
153 447.6129
154 35.99471
155 39.41168
156 35.39711
157 37.60818
158 35.77366
159 35.75552
160 37.28386
161 35.7037
162 35.80125
163 33.72206
164 35.83232
165 36.37054
166 36.90913
167 35.53598
168 36.14032
169 36.07063
170 36.24454
171 35.90827
172 126.017
173 37.84887
174 125.3198
175 36.57624
176 37.74228
177 32.97179
178 36.44345
179 35.35379
180 36.80695
181 35.93465
182 34.82756
183 35.77719
184 33.20623
185 36.58127
186 36.56495
187 37.25596
188 35.7094
189 35.84547
231 72.67184
232 33.81549
233 35.35412
234 36.08617
235 36.23936
236 36.29821
237 35.60846
238 33.74025
239 33.6985
240 36.42355
241 33.59837
242 35.86342
243 36.00051
244 35.71438
245 36.32386
246 40.30246
247 33.83492
248 33.27868
249 36.03373
251 36.36578
252 36.16634
253 36.51389
254 35.58302
255 36.57885
256 35.98539
257 36.63812
258 36.20058
259 32.9832
260 35.80637
261 125.1791
262 36.49032
263 34.20282
264 36.53469
265 33.07185
266 35.98793
267 35.74143
268 35.69205
269 36.47754
270 32.9472
271 36.10456
272 38.15606
273 36.99154
274 36.57721
275 34.98198
276 36.24791
277 35.35608
278 36.75956
279 38.32605
280 125.3944
281 35.85904
282 34.99198
283 36.27526
284 35.9853
285 36.47716
286 33.25231
287 35.46246
288 36.13731
289 36.55254
291 35.40362
292 35.55214
293 35.91937
294 35.55828
295 36.84237
296 39.78481
297 36.27663
298 35.98745
299 36.18763
300 35.67054
301 35.80144
302 36.48817
303 35.90472
304 36.27954
305 36.08565
306 36.13503
307 36.15553
308 35.73425
309 35.70525
310 35.62245
311 36.17234
312 36.44963
313 36.11794
314 35.64615
315 36.54466
316 35.8186
317 36.21381
318 37.40409
319 34.18826
320 35.75197
321 126.921
322 36.36554
323 36.60921
324 36.57271
325 35.73978
326 36.30836
327 35.55629
328 33.71054
329 36.13498
330 35.61195
331 35.61454
332 36.45707
333 35.59412
334 35.99871
335 35.81926
336 35.58743
337 35.55264
338 35.54148
339 36.1079
340 36.21657
341 36.80577
342 35.72746
343 36.25749
344 36.28505
345 36.81257
346 36.97851
347 44.09429
348 33.78547
349 35.95033
350 36.76579
351 35.90382
352 36.71945
353 34.94801
354 35.63615
355 32.62993
356 36.10315
357 36.20689
358 35.83682
359 35.50704
360 36.11486
361 35.61583
362 36.00628
363 36.36995
364 36.03115
365 35.799
366 36.41839
367 36.39716
368 36.50838
369 36.53877
370 38.69035
371 36.19235
372 35.90535
373 36.36596
374 36.15906
376 36.41952
377 35.63177
380 35.49032
381 33.2132
382 35.92082
383 35.99792
384 36.66945
385 35.65208
386 36.56557
387 37.19076
388 36.59299
389 37.32167
390 35.80298
391 36.24245
392 35.57838
393 36.0318
394 35.84427
395 36.35523
396 35.40362
397 36.48965
398 35.96927
399 36.2327
400 35.78621
401 33.5522
402 35.85315
403 35.87339
404 37.44552
405 125.0292
406 35.99623
407 35.32846
408 35.82645
409 36.27386
410 36.45173
411 34.74754
412 35.68728
413 35.97714
414 36.27706
415 36.0812
416 36.06579
417 36.1247
418 35.53095
419 36.64211
420 36.48929
421 34.11957
422 35.32028
423 35.11487
424 36.83493
425 36.06055
426 36.14783
427 35.49851
428 36.02542
429 35.2586
430 35.65113
431 35.94986
432 35.08374
433 35.87578
434 35.58039
435 35.96539
436 37.22169
437 36.05455
438 35.39968
439 36.18129
440 35.77885
441 36.43002
442 36.11402
443 35.17536
444 35.12604
445 35.32228
446 37.45286
447 36.26657
448 36.00491
449 35.71049
450 35.90583
451 35.54377
452 35.51564
453 34.2705
454 36.83574
455 33.02467
456 125.6878
457 35.88027
458 35.89363
459 36.71851
460 33.50074
461 35.66277
462 35.21062
463 35.96355
464 36.15908
465 36.00954
466 35.69607
467 35.94032
468 32.98103
469 35.12961
470 36.10048
471 34.83236
472 35.63142
473 35.58648
474 35.34107
475 35.72694
476 35.64941
477 33.01368
478 35.71183
479 34.87622
480 35.51796
481 35.76128
482 35.38543
483 35.3214
484 35.81771
485 35.5105
486 36.04595
487 36.51028
488 35.70319
489 35.28267
490 35.73501
491 31.31425
492 36.20944
493 33.26243
494 35.26587
495 35.74769
496 35.30696
497 36.03622
498 35.8177
499 36.5448
501 35.47803
502 33.46871
503 36.12646
504 35.92814
505 38.78756
506 35.48811
507 35.44348
508 34.90418
509 36.12371
510 37.75384
511 36.84016
512 35.61205
513 36.11054
514 36.17746
515 38.97015
516 37.53782
517 35.06937
518 35.38573
519 33.10453
520 35.67959
521 37.36892
522 35.98157
523 32.87772
524 35.83474
525 35.84786
526 35.7997
527 37.12627
528 35.1283
529 35.81151
530 35.42661
531 32.2335
532 35.61633
533 35.58314
534 35.54554
535 35.69631
536 35.93178
537 37.89991
538 36.46338
539 35.41977
540 36.22538
541 35.42316
542 34.19947
543 36.27252
544 128.1972
545 35.23552
546 35.72435
547 35.62632
548 34.25097
549 36.0415
550 35.10821
551 36.08495
552 33.12388
553 33.87936
554 36.29882
555 35.88831
556 35.29715
557 35.86238
558 36.29594
559 35.65679
560 36.98716
561 35.32873
562 36.19826
563 34.10572
564 36.24318
565 36.11345
566 35.39563
567 35.57921
568 35.42903
569 36.40768
570 33.82254
571 35.93078
572 35.57649
573 37.61522
574 33.19026
575 35.21704
576 36.22147
577 36.22311
578 35.51343
579 32.41011
580 36.14893
581 37.0327
582 35.62008
583 33.24678
584 122.6535
585 35.93361
586 36.51049
587 35.68611
588 35.50377
589 35.70016
590 35.98211
591 35.97467
592 34.1726
738 35.34939
739 33.45686
740 35.97109
741 31.63198
742 35.66133
743 36.36552
744 35.6493
745 35.3599
746 35.7072
747 33.97776
748 35.9376
749 36.09206
751 850.4579
