25 38.41287
26 39.23009
27 39.3399
28 38.78691
29 39.07138
30 36.33825
31 38.16645
32 38.85929
33 129.4583
34 39.10003
35 39.83095
36 40.09324
37 35.68726
39 38.96449
40 39.14096
41 41.31723
42 37.98624
43 36.06815
44 38.45742
45 38.82949
46 39.13344
47 39.23506
48 38.14809
49 41.4986
50 38.98632
51 38.98677
52 40.35078
53 38.72195
54 39.05136
55 128.9507
56 39.00266
57 40.98747
58 38.89878
59 38.20417
60 38.41534
61 38.86804
62 38.92696
63 38.58415
64 132.8187
65 36.13596
66 38.61143
67 38.7942
68 38.98968
69 38.20702
70 38.63158
72 36.39926
73 40.03499
74 38.15213
75 38.16325
76 39.00916
77 38.78088
78 38.77602
79 41.06538
80 39.74076
81 38.68046
82 39.07
83 39.45642
84 36.13671
85 38.6409
86 39.92794
87 39.06645
88 39.19415
89 128.9857
90 38.76812
91 39.26746
92 39.09013
93 38.90681
94 36.57578
95 130.1031
96 38.44384
97 38.78584
98 38.76082
99 38.47185
100 38.67378
101 42.96581
102 39.16164
103 37.52562
104 38.23532
105 40.332
106 39.61736
107 39.24123
108 38.74553
109 38.40482
110 38.62204
111 39.13529
112 38.70255
113 38.44901
114 36.29832
115 37.80881
116 38.72744
117 38.78336
118 38.44056
119 38.39717
120 38.48463
121 39.29192
122 36.41994
123 36.53769
124 36.61666
126 39.23795
127 39.33372
128 38.71408
129 38.92115
130 38.76884
131 39.15457
132 39.23157
133 39.3256
134 36.70274
135 37.92211
136 40.5635
137 38.857
138 39.32752
139 39.18806
140 39.36837
141 41.14482
142 37.9985
143 38.67613
144 38.9634
145 38.42153
146 45.70373
147 38.96731
148 130.1006
149 38.94911
150 39.37503
151 41.5668
152 38.69704
153 37.86089
154 34.89367
155 38.60761
156 39.0981
157 36.44177
158 39.09501
159 38.70586
160 36.91177
161 39.00753
162 39.81404
163 39.07325
164 38.48655
165 39.04818
166 39.49353
167 38.50469
168 38.34204
169 38.91445
170 38.98069
171 39.25021
172 38.70913
173 38.63298
174 38.61741
175 38.93443
176 39.9136
177 39.2074
178 39.68964
179 39.38398
180 39.14843
181 38.94478
182 39.54555
183 39.07119
184 39.37981
185 38.26498
186 38.89316
187 39.208
188 38.70306
189 39.91125
190 37.75122
191 38.68102
192 39.04759
193 37.87561
194 39.33691
195 38.48396
196 38.72298
197 39.04237
198 40.08795
199 35.83839
200 38.72516
201 39.09954
202 38.81262
203 39.0437
204 39.29318
205 351.9186
206 38.84153
207 39.21442
208 39.25761
209 38.62712
210 38.81192
211 40.65557
212 36.64122
213 38.96532
214 129.5754
215 36.57948
216 39.05807
217 38.67667
218 39.50445
219 35.87356
220 39.15162
221 39.36214
222 38.80825
223 39.58285
224 38.75229
225 38.14292
226 38.58798
227 38.09164
228 38.85903
229 38.76252
230 38.70924
231 38.10711
232 36.49282
233 34.21743
235 39.57101
259 42.34928
260 38.74909
261 38.49666
262 39.07365
263 38.78643
264 38.70074
265 38.15701
266 39.08678
267 38.34289
268 38.75744
269 38.71799
270 39.44045
271 40.40532
272 129.7017
273 39.12622
274 39.18609
275 39.12188
276 39.31985
277 38.92947
278 38.99767
279 39.06807
280 39.46051
281 38.25468
282 38.84764
283 42.84541
284 39.24667
285 39.19399
286 39.13395
287 38.8766
288 38.83534
289 38.88789
290 37.08066
291 38.34306
292 39.58423
293 39.28408
294 39.19974
295 38.94862
296 38.16671
297 39.50517
298 39.13937
299 39.30867
300 39.24768
301 38.24867
302 39.87622
303 39.25758
304 39.23713
305 38.84786
306 38.62951
307 39.10392
308 38.7622
309 38.76851
310 38.71066
311 38.1628
312 38.75203
313 41.19957
314 39.17951
315 39.58736
316 38.07399
317 38.71108
318 42.91761
319 39.06409
320 39.13775
321 38.24008
322 44.08194
323 39.42007
324 39.04295
325 38.92395
326 38.65717
327 38.78022
328 37.90527
329 38.94289
330 39.19973
332 38.56414
333 39.9034
334 40.04034
335 36.09494
336 37.41339
337 38.57605
338 39.35283
339 41.11001
340 38.66695
341 40.12053
342 38.02769
343 38.84
344 38.65177
345 38.98572
346 38.27089
347 35.27297
348 38.28143
349 39.40995
350 38.74803
351 38.3238
352 38.10975
353 128.2531
354 39.62882
355 38.53633
356 38.88418
357 36.45469
358 38.18016
359 38.45661
360 35.94094
361 42.34703
362 37.96827
363 37.59191
364 37.99193
365 39.54979
366 38.35838
367 38.02779
368 38.41071
369 38.58092
370 38.84479
371 35.94243
372 35.98081
376 39.04031
377 39.84021
378 36.18972
379 38.96241
380 39.48201
381 38.85979
382 39.45819
383 37.28392
384 37.99598
385 38.58785
386 38.99265
387 38.12208
388 38.74694
389 38.39543
390 38.22093
391 38.99744
392 39.15233
393 38.33772
394 35.78937
395 38.85983
396 38.49144
397 38.50726
398 39.28317
399 40.48038
400 38.61632
401 38.08872
402 38.69625
403 37.91623
404 38.95302
405 38.98134
406 38.57661
407 35.74408
408 38.6914
409 36.23785
410 39.86074
411 38.98609
412 38.28756
413 38.49759
414 37.98479
415 39.91911
416 38.39354
417 38.56038
418 39.01447
419 37.5407
420 38.13909
421 40.64951
422 38.33648
423 38.84863
424 38.36504
425 37.93896
426 40.24646
427 36.45541
428 38.33224
429 38.67755
430 38.42014
431 38.14616
432 35.44876
433 38.47382
434 37.82886
435 38.7409
436 39.13146
437 40.32721
438 37.01052
439 41.46835
440 37.5261
441 34.8273
442 37.33266
443 36.19284
444 36.29185
445 36.30549
446 35.90401
447 33.84233
448 33.89825
449 36.22581
450 38.57732
453 38.32029
455 38.03913
456 38.82896
457 38.18638
458 38.67628
459 38.63688
460 39.12852
461 39.10811
462 39.80844
463 37.94437
464 36.90498
465 39.71948
466 36.45945
467 38.59246
468 38.67385
469 35.54334
470 39.11542
471 39.49366
472 38.18542
473 37.41057
474 38.27662
475 38.28546
476 38.74469
477 39.6944
478 38.17856
479 38.00436
480 38.3294
481 38.86973
482 43.04367
483 38.35921
484 38.10183
485 33.35723
486 38.81601
487 36.49111
488 38.17884
489 38.91875
490 40.66759
491 38.56882
492 35.51544
493 38.9455
494 46.08101
495 39.4954
496 44.50733
497 38.40033
498 40.04113
499 38.10828
501 39.32576
502 38.19345
503 39.45294
504 38.99988
505 38.20445
506 36.45721
507 37.07698
508 39.65876
509 37.35876
510 38.34746
511 38.35772
512 37.1579
513 43.37476
514 39.01675
515 39.86282
516 38.5163
517 38.52306
518 37.92698
519 35.90579
520 40.22573
521 39.14738
522 37.98605
523 37.22322
524 38.70734
525 39.18053
526 38.57106
527 37.63294
528 36.69492
529 38.76575
530 38.88257
531 38.97183
532 37.8019
533 36.97626
534 38.69449
535 38.57727
536 37.97617
537 33.13418
538 37.52266
539 39.15669
540 39.08295
541 36.22093
542 38.17545
543 39.49703
544 38.79561
545 40.78762
546 38.13324
547 39.41134
548 38.71353
549 38.30893
550 39.10886
551 38.86034
552 38.62305
553 38.73437
554 39.20744
555 38.74364
556 38.66793
557 38.51983
558 39.00579
559 37.82567
560 39.16455
561 39.31118
562 38.85895
563 35.81613
564 36.31124
565 39.01609
566 38.85538
567 37.29503
568 35.68085
569 39.18847
570 38.05722
571 39.00807
572 39.03578
573 39.08802
574 39.15747
575 38.22206
576 38.89946
577 38.42675
578 38.89434
579 39.59848
580 39.4219
581 38.78115
582 38.55019
583 38.72544
584 36.38442
585 39.07058
586 37.79496
587 38.57543
588 38.91798
589 37.41172
590 39.09996
591 40.09869
592 37.98745
593 38.70881
594 38.69193
595 39.19239
596 39.4432
597 38.30855
598 40.14757
599 36.83019
600 38.64903
601 37.88422
602 38.04491
603 38.45713
604 38.76334
605 35.7459
606 37.97695
607 39.01284
608 38.86628
609 38.85211
610 38.91817
611 38.32376
612 37.72466
613 40.44854
614 39.03374
615 39.07067
616 34.18859
617 39.17588
618 36.42368
619 36.70579
620 36.18664
621 36.66013
623 38.28409
624 38.84126
626 38.64075
627 38.55447
628 38.43261
629 38.69638
630 38.60779
631 38.35178
632 38.68688
633 129.8931
634 38.97684
635 39.22866
636 35.24521
637 39.37963
638 40.44505
639 39.1629
640 40.96735
641 36.1009
642 38.5522
643 39.68155
644 39.17794
645 38.17605
646 38.62671
647 39.28107
648 39.07899
649 37.06485
650 38.69099
651 36.73935
652 38.73272
653 41.17591
654 37.87309
655 38.98789
656 38.57832
657 38.56968
658 39.02973
659 36.90533
660 38.86521
661 39.29947
662 39.26743
663 38.68377
664 38.19621
665 37.36513
666 38.78825
667 39.53867
668 38.59274
669 38.24111
670 38.53123
671 39.24989
672 38.94109
673 39.98172
674 38.7077
675 39.26864
676 39.10785
677 39.14832
678 39.19083
679 38.25062
680 38.75507
681 38.42422
682 38.87792
683 38.66981
684 38.63205
685 38.35748
686 38.12738
687 39.35374
688 39.34828
689 39.66867
690 39.04777
691 36.01616
692 39.03567
693 39.10146
694 39.11033
695 38.40901
696 38.60285
697 41.21796
698 39.09145
699 39.06493
700 38.76234
701 38.9422
702 38.63497
703 44.61602
704 39.12611
705 38.13885
706 38.79508
707 40.52781
708 38.36306
709 38.89297
710 38.71243
711 40.51979
712 39.14289
713 39.23774
714 39.25822
715 14.4544
716 112.0388
717 22.88191
718 129.5339
719 39.65683
720 38.66538
721 37.16812
722 39.16386
723 42.64908
724 38.98444
725 39.19589
726 39.04338
727 39.40015
728 40.00742
729 38.8436
730 38.95535
731 39.01671
732 38.81658
733 38.93427
734 17.35794
735 397.4083
736 31.35125
737 25.09924
738 26.59868
739 38.26733
740 39.6067
741 38.86439
742 38.65496
743 39.04177
744 40.52536
745 39.12601
746 39.11118
747 38.74378
748 38.8046
749 33.92922
