25 35.88276
26 36.1838
27 35.76398
28 36.05219
29 35.66988
30 36.0916
31 34.08361
32 35.92569
33 36.26905
34 35.6227
35 36.88102
36 35.61499
37 34.61087
38 35.58295
39 35.13473
40 35.5429
41 35.28222
42 35.6017
43 35.48231
44 35.65023
45 35.9042
46 35.20055
47 35.93126
48 36.5586
49 37.63916
50 36.33648
51 36.03308
52 35.69822
53 35.93092
54 36.41507
55 37.3223
56 39.47826
57 36.28861
58 36.23189
59 34.33479
60 35.99164
61 35.0267
62 35.61752
63 35.17666
64 35.73584
65 35.39795
66 33.06844
67 35.13864
68 35.55974
69 35.44261
70 34.99784
71 35.62654
72 35.16547
73 35.77663
74 35.29556
75 34.92871
76 33.5634
77 35.41973
78 35.79842
79 35.06019
80 35.95027
81 35.3191
82 36.25539
83 35.09499
84 35.51173
85 35.76838
87 35.88311
88 35.88539
89 35.66564
90 35.47418
91 36.53545
92 35.71938
93 35.4194
94 35.76744
95 33.24313
96 36.03083
97 35.57805
98 35.75764
99 35.23889
100 35.75756
101 35.30339
102 35.89697
103 35.34299
104 35.64711
105 35.56535
106 37.20316
107 35.65666
108 35.55484
109 35.55676
110 35.19835
111 35.56489
112 34.80362
113 35.4192
114 35.27805
115 35.52011
116 35.01784
117 36.224
118 35.61061
119 35.17811
120 35.73854
121 35.7421
122 35.3971
123 35.23334
124 35.75956
126 35.03715
127 35.44958
128 39.07954
129 35.85927
130 36.17419
131 35.36378
132 35.54233
133 39.41505
134 35.40903
135 35.52285
136 35.66935
137 34.83565
138 35.74445
139 35.62024
140 35.2704
141 35.42788
142 35.66535
143 35.38081
144 35.3456
145 35.48304
146 35.18719
147 35.19527
148 35.01834
149 40.93459
150 34.68302
151 35.26248
152 34.9643
153 35.38795
154 36.83615
155 36.08662
156 35.41327
157 36.82278
158 35.56892
159 35.83874
160 35.64887
161 36.03803
162 35.48839
163 35.63715
164 35.82291
165 35.28827
166 35.43715
167 36.09315
168 35.66204
169 35.45965
170 35.7923
171 35.14648
172 35.30274
173 35.50093
174 35.77729
175 35.21319
176 35.40039
177 35.01495
178 35.45948
179 35.30269
180 35.53137
181 35.71247
182 36.17406
183 35.45982
184 35.51502
185 35.34751
186 35.80608
187 34.73734
188 35.47256
189 34.8844
190 35.52433
191 35.69071
192 35.06314
193 34.93877
194 35.75962
195 35.31508
196 35.5874
197 35.88418
198 35.38474
199 34.94078
200 35.50269
201 35.26426
202 35.27498
203 35.53911
204 35.33349
205 34.82983
206 35.19681
207 35.45303
208 35.16195
209 35.42736
210 35.32719
211 34.93389
212 32.81245
213 35.59297
214 35.10859
215 35.36008
216 35.39047
217 35.44486
218 121.7295
219 35.42802
220 34.88887
221 35.14003
222 37.31127
223 35.62494
224 35.05426
225 35.18111
226 35.44822
227 35.2499
228 38.01717
229 35.66144
230 35.41637
231 35.34885
232 35.65746
233 35.04122
234 35.30607
235 35.69042
236 35.66338
237 34.66154
238 35.55925
239 35.58231
240 35.35548
241 38.73245
242 35.12594
243 35.4087
244 35.27016
245 35.51174
246 35.05882
247 33.31566
248 35.38942
249 35.73037
251 35.24674
252 35.5793
253 35.52959
254 34.86921
255 35.00274
256 35.54597
257 35.74215
258 34.89914
259 35.42202
260 34.98187
261 35.06446
262 35.38311
263 35.40789
264 35.20356
265 35.22055
266 35.48656
267 35.52168
268 35.37356
269 34.50795
270 35.23895
271 35.32356
272 32.75728
273 35.13829
274 35.23814
275 34.93652
276 35.02997
277 35.29774
278 35.0222
279 121.737
280 32.69654
281 35.18492
282 35.27156
283 34.76582
284 35.15696
286 34.84092
287 37.03502
288 35.10203
289 35.40258
290 34.67657
291 35.20914
292 34.81427
293 35.15178
294 35.48808
295 36.42797
296 34.72752
297 34.81416
298 35.15939
299 34.87144
300 36.5187
301 35.1263
302 35.00129
303 34.81061
304 35.3027
305 34.9983
306 35.33568
322 2640.184
325 95.91972
326 34.66011
327 35.749
328 35.53525
329 35.29651
330 33.44368
331 35.19999
332 35.46096
333 35.28891
334 35.30727
335 38.78065
336 34.90271
337 32.72679
338 35.18344
339 34.83307
340 35.34936
341 34.84079
342 35.3359
343 35.29417
344 35.16391
345 34.88296
346 35.01746
347 36.81249
348 35.18005
349 35.21607
350 35.24199
351 34.53844
352 35.15084
353 34.55414
354 35.16049
355 35.2387
356 35.39835
357 34.89995
358 34.912
359 34.85736
360 35.23537
361 35.05192
362 35.05378
363 35.12198
364 34.87743
365 34.9411
366 32.79589
367 35.45014
368 35.48862
376 34.89078
377 34.56434
378 35.09123
379 35.20512
380 35.1148
381 35.00626
382 34.58145
383 35.05275
384 37.2357
385 35.20797
386 35.40038
387 123.1205
388 35.20963
389 35.08777
390 35.18697
391 39.24453
392 41.60777
393 36.15437
394 35.02337
395 35.28552
396 41.22859
397 42.15739
398 35.27693
399 34.85234
400 35.01095
401 32.9367
402 35.11106
403 38.02876
404 35.10178
405 34.65568
406 35.08381
407 34.76316
408 35.3807
409 35.26857
410 35.18443
411 35.11431
412 34.65901
413 35.0453
414 35.28959
415 32.82788
416 35.48308
417 34.967
418 34.82466
419 35.2873
420 35.20232
421 35.31646
422 35.15879
423 36.59892
424 34.85855
425 37.20687
426 34.91048
427 35.43565
428 35.25718
429 37.9403
430 34.6937
431 35.28338
432 34.87908
433 35.0445
434 35.60657
435 35.41906
436 34.77906
437 34.99916
438 35.15571
439 35.42832
440 35.22659
441 35.32759
442 35.15384
443 38.85435
444 35.28614
445 35.00957
446 35.22102
447 33.03303
448 35.31965
449 34.66684
450 34.93856
451 40.57388
452 35.048
453 35.11366
454 35.2414
455 34.64689
456 34.93937
457 35.21947
458 34.70781
459 35.22719
460 35.24722
461 35.36061
462 36.39427
463 34.81506
464 35.26199
465 34.52273
466 35.43056
467 41.99537
468 35.17709
469 34.32347
470 35.0029
647 20.4201
648 35.24229
649 35.62981
650 35.72517
651 35.91441
652 35.82805
653 39.36039
654 35.89529
655 35.713
656 35.74638
657 35.76911
658 35.9132
659 37.67572
660 36.18705
661 36.25053
662 36.27056
663 36.04775
664 44.01146
665 36.01047
666 39.60805
667 35.39681
668 35.35617
669 35.66265
670 35.47734
671 35.55378
672 35.66126
673 35.2459
674 35.21215
675 34.84499
676 35.33746
677 35.66591
678 35.46636
679 35.5023
680 35.34459
681 35.88827
682 35.22198
683 35.71433
684 36.06515
685 35.97436
686 35.02098
687 35.50578
688 35.56992
689 35.30104
690 35.27075
691 35.2949
692 35.17885
693 34.94866
694 33.20877
695 37.21529
696 37.74316
697 35.33894
698 35.29151
699 34.97982
700 35.31173
701 35.64296
702 35.39548
703 35.51626
704 35.27324
705 35.11796
706 35.76227
707 35.66434
708 35.66066
709 35.56866
710 35.5368
711 35.29076
