159 41.02083
160 37.23953
183 38.12772
184 38.26474
185 37.12485
186 38.15387
187 36.91914
188 38.3618
189 38.19481
190 34.6708
191 38.25475
192 37.58164
193 38.11125
194 38.39033
195 37.49979
196 36.88589
197 38.33632
198 37.96289
199 36.62712
200 38.24987
201 37.15277
202 38.05048
203 38.37669
204 114.5622
205 37.63961
206 38.91827
207 38.55297
208 37.80271
209 37.65871
334 38.59344
335 37.21502
336 38.43152
337 38.59882
338 38.722
339 37.9868
340 35.85757
341 38.31305
342 38.72112
343 38.0827
344 38.25019
345 36.73979
346 38.69053
347 38.57891
348 38.26518
349 37.17639
350 38.66235
351 38.92688
352 36.63671
353 37.85278
354 38.69062
355 36.2164
356 38.04991
357 39.70497
358 38.49065
359 38.44616
360 36.19505
361 37.85973
362 37.36587
363 38.9556
364 38.34098
365 117.6518
366 36.97548
367 38.65509
368 44.27983
369 37.35382
370 116.975
371 38.87904
372 36.21558
373 36.69473
374 38.2024
376 38.68355
377 38.63565
378 35.8745
379 41.43175
380 38.70901
381 38.52563
382 38.5267
383 113.1879
384 38.17598
385 38.55005
386 39.49498
387 37.89236
388 38.00143
389 112.631
390 35.46071
391 37.92918
392 113.2312
393 38.42635
394 38.18907
423 38.58777
425 37.2524
426 38.23499
427 27.81463
428 43.54374
429 38.54411
430 38.12624
441 41.27879
442 40.13295
443 39.93263
444 35.91361
445 38.46838
446 35.97578
447 38.27403
448 38.53027
449 38.33291
450 38.24223
451 38.08883
452 38.15726
453 38.05879
454 37.75491
455 38.18685
456 35.18766
457 37.98973
458 35.48362
459 38.73383
460 37.97422
461 37.63221
462 38.00688
463 37.62045
464 38.15351
465 37.82607
466 37.3098
467 35.15115
468 35.54487
469 37.91065
470 35.36826
471 37.9103
472 37.77691
473 39.88989
474 38.34177
475 37.21602
476 37.61556
477 37.45647
478 38.51066
479 38.24857
480 34.81567
481 37.71692
482 35.29194
483 35.43515
484 38.19673
485 35.23705
486 37.78925
487 37.82436
488 38.00491
489 37.74486
490 39.85516
491 37.83452
492 35.41515
493 38.15264
494 37.12954
495 37.56915
496 114.2889
497 35.35326
498 36.89753
499 37.38808
501 37.4021
502 37.70673
503 37.60549
504 109.7897
505 37.4279
506 37.40644
507 37.80621
508 37.83014
509 115.2822
510 35.48565
511 37.56882
512 37.90562
513 35.48152
514 34.86565
515 38.02033
516 35.35438
517 37.93144
518 37.94547
519 36.93472
520 35.68393
521 106.6877
522 38.6113
523 38.25665
524 38.39066
525 35.05765
526 36.75266
527 37.68666
528 37.75074
529 34.7341
530 37.976
531 37.26743
535 35.68581
536 38.01348
537 37.995
538 114.5002
539 38.52289
540 114.3495
541 37.97651
542 35.58302
543 37.97463
544 37.96656
545 38.22846
546 37.99217
547 38.00008
548 37.59967
549 38.54366
551 37.22601
552 38.79673
553 37.40937
554 37.84086
555 37.54707
556 37.57893
557 38.56501
558 38.0313
559 37.70237
560 37.35598
561 36.50828
562 37.51878
563 38.16223
564 38.2354
565 38.07844
566 38.15819
567 37.99786
568 37.64954
569 37.10122
570 41.12385
572 37.56335
573 38.62256
574 39.75016
575 37.50328
576 37.23644
577 35.45255
578 38.0938
579 36.82925
580 38.07016
581 37.13601
582 38.11986
583 38.02926
584 37.73405
585 115.3665
586 39.89443
587 37.19408
588 35.40445
589 35.11472
590 37.7333
591 37.53565
592 36.31771
593 35.63949
594 39.28249
595 36.1015
596 36.97187
597 37.69894
598 75.50327
599 37.95592
600 37.59056
601 37.51916
602 37.81968
603 37.93885
604 38.00476
605 37.78608
606 115.1758
607 35.66187
609 38.62157
610 37.94007
611 38.1703
612 37.99997
613 35.24804
614 37.76259
615 38.17997
616 38.20379
618 38.39683
619 37.90937
620 35.55268
621 38.27851
622 37.93357
623 37.58553
624 38.25983
626 38.52822
627 38.40133
628 36.30558
629 38.0534
630 37.89036
631 114.3592
632 35.69201
633 35.13722
634 39.20593
635 38.15063
636 38.02337
637 38.02201
638 38.49095
639 37.29467
640 37.47758
641 38.42504
642 38.57535
643 38.08833
644 37.77737
645 40.03027
647 38.99011
648 37.58897
649 45.02716
650 37.83331
651 36.28676
652 36.15211
653 39.69469
654 38.00743
655 37.82742
656 38.71515
657 37.24635
658 38.28038
659 117.3706
660 39.05074
661 37.70058
662 37.23903
663 38.70429
664 38.21615
665 38.00547
666 34.52647
667 37.48272
668 38.73926
669 37.79129
670 38.23969
671 38.03108
672 37.96366
673 39.20559
674 38.07336
675 38.04892
676 114.1765
677 37.33954
678 37.2051
679 35.51078
680 38.04259
681 35.10347
682 37.65327
683 37.66486
684 38.6344
685 37.10699
686 37.71411
687 38.06409
688 38.73748
689 113.3327
690 38.15164
691 37.61275
692 35.15936
693 37.28827
694 37.4282
695 37.63201
696 38.13874
697 37.96052
698 38.38484
699 37.34468
700 37.80206
701 38.56255
702 37.04206
703 37.9252
704 37.76981
705 38.41347
706 37.25221
707 37.64968
709 38.16597
710 39.04649
711 38.57168
712 37.38996
713 42.70291
714 37.11851
715 37.80801
719 37.75328
720 35.49413
721 35.6222
722 38.58839
723 36.6856
724 37.87529
725 37.36824
726 38.76694
727 39.3849
728 37.65926
729 37.3221
730 38.06867
731 37.84938
732 37.95591
733 37.01868
734 39.98964
735 41.41918
736 37.01884
737 118.2142
738 38.00813
739 37.72346
740 36.97855
741 37.94192
742 38.04193
743 38.14209
744 38.63285
745 35.20857
746 37.44691
747 37.38691
748 37.98497
749 37.80732
751 903.2947
