25 35.91024
26 37.48164
27 38.22238
28 39.1044
29 37.23738
30 38.41214
31 37.44502
32 38.10305
33 37.60939
34 128.7772
35 38.08103
36 37.94359
37 35.62852
38 38.34322
39 37.86314
40 35.25072
41 38.77138
42 38.53916
43 38.05439
44 38.15057
45 37.64354
46 35.65866
47 22.57089
48 34.87104
49 32.96874
50 37.27345
51 38.68383
52 39.40587
53 37.70957
54 38.37033
55 38.03389
56 38.04855
57 38.68944
58 35.43037
59 37.90913
60 38.38599
61 38.785
62 38.43739
63 37.76973
64 126.4389
65 38.52606
66 38.40882
67 37.63611
68 38.73314
69 129.1864
70 38.90609
71 38.82785
72 37.80194
73 39.22535
74 38.10379
75 38.61022
76 38.91167
77 37.83105
78 38.43133
79 126.8937
80 40.44776
81 35.18956
82 124.3906
83 38.37854
84 41.90792
85 38.10423
86 38.3126
87 37.22454
88 39.40874
89 116.0102
90 38.18104
91 38.57212
92 38.84773
93 38.37096
94 36.91156
95 38.32785
96 37.97699
97 35.3373
98 37.75071
99 38.35076
100 40.88913
101 37.20365
102 35.82152
103 38.07963
104 38.54836
105 39.21465
132 39.35691
133 37.12593
158 38.48045
159 40.84164
160 36.34931
161 39.28938
162 39.10307
163 39.84816
166 39.26517
167 39.37005
168 38.25932
169 39.65407
170 38.61599
171 39.43253
172 39.08477
173 38.58452
174 38.89969
175 39.00151
176 40.90004
177 39.44929
178 39.10604
179 38.84052
180 39.30679
181 39.05843
182 38.03759
183 39.50871
184 39.11395
185 36.06928
186 36.50869
187 38.62763
188 37.15733
189 38.22093
190 38.87479
191 38.39703
192 38.68083
193 36.74299
194 38.36287
195 38.4003
196 39.47167
197 37.473
198 36.33033
199 39.03302
200 128.255
201 41.48896
202 39.01055
203 38.89201
204 38.80171
205 39.5286
206 39.63551
207 37.77406
208 38.29342
209 39.17841
210 38.23599
211 39.2135
212 41.29221
213 38.20599
214 38.9754
215 39.5618
216 38.66631
217 38.93057
218 39.05752
219 38.92173
221 39.08148
222 39.44704
223 38.33389
224 39.30655
225 38.85719
226 127.6953
227 38.89693
228 39.3346
229 38.58205
230 39.78395
231 39.36503
232 38.9626
233 39.48802
234 39.1376
235 38.53057
236 39.39965
237 37.25661
238 38.80668
239 39.25856
240 38.91934
241 38.82141
242 36.76001
243 37.91648
244 39.44197
245 40.17659
246 38.41412
247 38.74891
248 39.41183
249 39.06413
251 38.97575
252 38.55732
253 38.85887
254 39.18086
255 38.80659
256 38.94791
257 39.3278
258 39.29195
259 38.37409
260 39.96722
261 39.04587
262 38.42026
263 38.78184
264 38.53438
265 38.58485
266 40.07539
267 39.17324
268 36.02067
269 38.95423
270 38.69299
271 38.52198
272 41.94098
273 38.65237
274 38.48063
275 39.63329
276 39.42715
277 40.09826
278 39.20677
279 39.05669
280 39.37829
281 39.75232
282 36.27398
283 39.26635
284 38.92282
285 39.41767
286 39.21498
287 38.88144
288 39.138
289 39.3314
290 40.06799
291 39.33659
292 39.27518
293 35.82144
294 39.32825
295 120.8489
296 39.2923
297 37.58966
298 38.67121
299 40.64251
300 39.65388
301 37.74076
302 38.67355
303 39.31504
304 38.52299
305 39.30471
306 38.72865
307 38.9087
308 39.70918
309 39.24765
310 39.08843
311 124.9865
312 39.02064
313 39.69025
314 39.90615
315 39.12404
316 39.11508
317 38.38623
318 39.30504
319 38.79165
320 39.47107
321 38.89732
322 38.72224
323 38.20821
324 40.60632
325 39.45877
326 39.12882
327 38.98857
328 39.58961
329 38.68225
330 39.47985
331 39.79588
332 38.73579
333 39.1506
334 39.79795
335 38.52003
336 38.46101
337 38.31061
338 38.46422
339 43.69966
340 38.94715
341 39.76535
342 39.64665
343 39.67641
344 38.60928
345 38.83319
346 38.76658
347 38.43232
348 39.96037
349 38.67514
350 39.04501
351 40.77626
352 37.96409
353 38.65141
354 39.40035
355 38.36768
356 39.91294
357 39.32134
358 38.20628
359 38.73643
360 39.88914
361 38.2772
362 35.94388
363 39.15044
364 36.19545
365 38.79219
366 38.82536
367 38.05111
368 38.97846
369 39.13802
370 38.33624
371 39.23308
372 42.94868
373 37.84842
374 39.18709
376 35.72153
377 38.70649
378 39.05347
379 38.56544
380 38.42734
381 39.33643
382 38.34765
383 38.63754
384 39.51818
385 37.92739
386 38.76949
387 39.13303
388 38.79051
389 36.63272
390 40.93246
391 38.59724
392 39.49883
393 487.0002
394 39.65348
395 38.7747
396 38.20862
397 39.22391
398 40.37122
407 39.23194
408 38.80445
409 38.64918
410 126.797
411 38.61643
412 39.38189
413 38.6907
414 39.21505
415 38.88704
416 38.11419
417 42.8361
418 40.25572
419 37.88612
420 39.06929
421 38.79083
422 441.8051
423 38.8012
424 38.74616
425 39.12698
426 38.53203
427 37.43139
428 38.92429
429 38.84978
430 38.08525
431 38.85538
432 38.03952
433 37.73746
434 39.43356
435 39.53288
436 38.50056
437 38.88966
438 36.54123
439 38.70594
440 38.54515
441 39.62
442 38.57742
443 38.84317
444 39.12857
445 38.82128
446 38.69762
447 38.80335
448 37.82144
449 38.45581
450 38.18412
451 38.49607
452 38.83952
453 35.88311
454 35.95876
455 38.7906
456 39.25087
457 35.67434
458 38.22229
459 38.5109
460 39.47361
461 38.00108
473 38.60475
474 37.47049
475 38.60412
476 38.05753
477 38.30731
478 38.23046
479 38.76972
480 39.05264
481 30.87108
482 38.58007
483 38.04635
484 39.43564
485 38.5727
486 38.82346
487 36.23724
488 38.4358
489 38.74995
490 41.20591
491 39.0731
492 38.51096
493 39.26635
494 39.01073
495 120.5713
496 36.37062
497 38.71297
498 38.36896
499 38.5877
501 39.10517
502 38.69585
503 39.33062
504 36.19841
505 38.46157
506 38.96959
507 39.36367
508 38.58175
509 38.78842
510 38.7522
511 39.23507
512 39.4904
513 39.82491
514 37.97274
515 37.64867
516 39.05339
517 39.51111
518 39.12584
519 36.24249
520 38.4128
521 39.17553
522 38.70426
523 38.90152
524 37.12564
525 38.389
526 37.69966
527 38.76873
528 38.25476
529 38.30121
530 39.22169
531 39.68847
532 37.72325
533 38.55576
534 38.10104
535 38.98904
536 39.12851
537 35.91079
538 39.46507
539 39.22555
540 38.24252
541 38.78979
542 38.85338
543 38.40677
544 38.68017
545 38.95618
546 38.62134
547 38.63607
548 38.56493
549 37.92529
550 38.82952
551 40.50272
552 38.99071
553 40.90302
554 38.50723
580 38.5946
581 36.87692
582 40.26919
583 38.43043
584 39.14785
585 38.52668
586 39.36688
587 40.73417
588 35.46773
589 36.19112
590 38.86339
591 36.59414
592 40.34377
593 35.96238
594 37.93353
595 38.35533
596 38.51149
597 38.23806
598 38.65793
599 38.5443
600 38.84511
601 37.81409
602 40.1649
603 39.09361
604 38.09519
605 38.46728
606 38.34793
607 38.74335
608 38.87227
609 38.17914
610 38.40011
611 38.53492
612 38.39397
613 39.277
614 35.92548
615 38.13116
616 40.81327
617 39.14357
618 40.26808
619 38.33831
620 129.0991
621 37.81888
622 126.0629
623 40.22296
624 38.24441
626 38.217
627 38.34867
628 40.16194
629 36.43032
630 39.21298
631 37.71802
632 38.33199
633 38.65747
634 38.60921
635 37.7449
636 37.77283
637 37.6422
638 38.83387
639 37.49695
640 38.20937
641 38.1613
642 37.37082
643 38.30006
644 38.05518
645 38.41219
646 38.41103
647 127.6778
648 38.14193
649 41.42467
650 38.0644
651 38.61831
652 39.77655
653 35.09134
654 38.70216
655 39.87147
656 38.62888
657 38.77264
658 40.70261
659 37.90066
660 38.3497
661 38.28032
662 38.60633
663 39.27664
664 38.51793
665 37.72173
666 38.61989
667 37.56579
668 39.08778
670 38.02745
671 39.05425
672 38.29185
673 38.6263
674 39.17886
675 38.19225
676 38.41475
677 39.04209
678 38.16497
679 38.79215
680 38.91977
681 37.95349
682 37.91863
683 38.71427
684 38.1505
685 36.18543
686 39.33204
687 38.42034
688 37.90633
689 38.12015
690 38.41091
691 38.77578
692 38.52163
693 37.85696
694 38.51643
695 38.07635
696 38.67669
697 38.17756
698 38.32594
699 38.45076
700 39.15335
701 38.21422
702 38.50749
703 38.8892
704 38.27665
705 38.94001
706 37.97667
707 38.37152
708 38.78181
709 38.93241
710 38.50199
711 39.23656
712 36.0714
713 38.83443
714 38.86923
715 38.74441
716 38.19447
717 38.33223
718 38.97851
719 38.94461
720 38.89803
721 128.4818
722 39.30654
723 38.78787
724 39.28094
725 39.5939
726 36.08309
727 38.30272
728 38.01077
729 38.99583
730 38.50877
731 38.63483
732 38.55087
733 39.24317
734 39.61623
735 36.54652
736 36.73216
737 38.37236
738 39.33987
739 39.02829
740 42.97596
741 42.09887
742 38.13548
743 40.99808
744 38.21379
745 43.32877
746 39.30867
747 39.0919
748 38.7886
749 38.86232
751 1026.677
